8.113312390396476559e-01 1.032621721429716796e+06
7.910312352089499122e+00 9.151857927913678577e+05
1.160159529132853606e+01 1.015920379954217235e+06
3.015442557289160774e+01 1.000158896646669717e+06
3.043883333219421417e+01 1.096935009175901068e+06
3.755130488622471319e+01 1.061244500664952910e+06
3.903253201957512886e+01 1.060547571021893062e+06
4.265719476789864473e+01 1.109207303467542399e+06
4.365365041528401946e+01 1.067227341197513975e+06
5.494518273908277450e+01 1.118561697724952362e+06
5.768042015049745430e+01 1.115501686402071733e+06
5.850252455910032268e+01 1.082769562397073722e+06
6.686221119809421509e+01 1.223451725834914716e+06
6.720321441149556563e+01 1.110058659861755092e+06
6.864587483456486439e+01 1.152270580638340209e+06
7.350774650593949389e+01 1.249639302213215502e+06
9.113112949479651093e+01 1.182365378246336011e+06
1.038896239052321562e+02 1.257981838862220291e+06
1.115017591283524752e+02 1.381846617528220639e+06
1.194760496032387636e+02 1.250401875028958777e+06
1.195857174266071752e+02 1.237108585940778721e+06
1.328377967087980380e+02 1.299786019650161732e+06
1.398359467654337607e+02 1.251540004240616225e+06
1.614744989091101388e+02 1.427418532245879527e+06
1.771077336763913195e+02 1.367219093681580387e+06
1.889466560918216089e+02 1.374089841880762950e+06
1.926497921125999255e+02 1.460061614629606251e+06
1.930539474552670640e+02 1.358986606905707158e+06
1.981860604079339510e+02 1.439838634258649778e+06
2.089930717583624471e+02 1.575208652622257359e+06
2.117007187536038657e+02 1.498684621626737062e+06
2.127005082724863314e+02 1.482898275778030045e+06
2.162692117206246394e+02 1.443226822782186791e+06
2.212851105856788934e+02 1.528689279283862095e+06
2.228224527851366759e+02 1.577006209190787049e+06
2.278306238640377330e+02 1.537874659908074886e+06
2.331937202781853102e+02 1.551917544513959903e+06
2.390694294209115753e+02 1.604464728176158154e+06
2.401793930564554103e+02 1.654230811902842950e+06
2.414683044822628517e+02 1.649687048642277950e+06
2.439207985020347280e+02 1.594506501789652510e+06
2.455226849128939648e+02 1.661243588278628420e+06
2.469891368354885230e+02 1.646407900894937571e+06
2.496294602595712320e+02 1.636633790843430674e+06
2.507232212483422416e+02 1.679254583341995720e+06
2.567090313510592523e+02 1.732992459228063701e+06
2.569132283564110821e+02 1.582034115035430295e+06
2.657901133441281445e+02 1.691893498243473703e+06
2.682878082046905774e+02 1.659746335711179068e+06
2.691843635739348315e+02 1.623577171238819603e+06
2.722086325087823298e+02 1.800460335584168555e+06
2.905583350043360156e+02 1.805485809268397046e+06
2.927541325994984618e+02 1.751421959951481316e+06
3.099367564976066660e+02 1.852777842207556125e+06
3.180739280190288696e+02 1.808074803867503302e+06
3.184469390366594439e+02 1.912290361412165221e+06
3.259369663651876294e+02 1.905333566577643389e+06
3.267892334844129323e+02 1.848968441329759778e+06
3.283429051686849220e+02 1.862438056376656517e+06
3.316288461386437234e+02 1.923841685623857426e+06
3.380621991420870245e+02 1.875886581651911139e+06
3.386065697011242150e+02 1.840470454522383166e+06
3.574951726530010205e+02 1.995092501650464255e+06
3.627980810688953284e+02 1.935380384261354804e+06
3.635431908316602971e+02 1.975010944774566684e+06
3.885661314087046776e+02 2.035779790523908101e+06
3.974440752865442619e+02 2.105175575707772281e+06
4.002122552040747792e+02 2.174489163667221554e+06
4.121690247150645519e+02 2.188338424131397624e+06
4.170859234715308617e+02 2.206758517422395293e+06
4.186286714049714988e+02 2.266578084035298321e+06
4.288746888116381228e+02 2.262401846920466051e+06
4.298638266123011817e+02 2.258861862977764104e+06
4.345582346467927550e+02 2.235324764469571877e+06
4.355557685915977117e+02 2.277445957513896748e+06
4.398347246330072267e+02 2.167992275830226485e+06
4.419768526720668547e+02 2.203179799790296704e+06
4.424347973872809803e+02 2.347430071686673444e+06
4.485899683580935289e+02 2.346444013232807629e+06
4.517419285491470760e+02 2.385950984302999452e+06
4.668928565402351296e+02 2.343350031994666904e+06
4.695999917993596000e+02 2.348604893238540273e+06
4.708314403336162286e+02 2.415988613439104054e+06
4.727405589979505294e+02 2.362246763018807396e+06
4.794356686171128672e+02 2.435174047797821928e+06
4.838590469166256298e+02 2.427438652626122814e+06
4.871608232621758248e+02 2.430161606132709887e+06
4.882397157203166671e+02 2.487235100022299681e+06
4.911990014428826612e+02 2.397201437745868694e+06
4.913529675911997288e+02 2.535984545946052298e+06
4.915722668079666278e+02 2.479005953096660320e+06
5.098115526495117251e+02 2.519776921449598856e+06
5.143051504199337387e+02 2.558585562996420078e+06
5.151843490582650702e+02 2.526625370058954693e+06
5.194398473027709997e+02 2.559212051153697073e+06
5.213567491207730882e+02 2.517777405995170586e+06
5.229904675694295975e+02 2.611526198729054537e+06
5.243444716124747629e+02 2.628578311323399190e+06
5.285637728656649870e+02 2.594606960943202022e+06
5.300619238956277286e+02 2.618466467533183284e+06
5.333499995516338004e+02 2.672023354569557123e+06
5.341270560158955050e+02 2.612080721813327633e+06
5.445798320416475917e+02 2.689946408778597135e+06
5.692762666010831936e+02 2.765339224233853631e+06
5.771079093154955899e+02 2.879189245435750112e+06
5.779417415133541454e+02 2.878966567202253733e+06
6.048269452853621715e+02 3.061260076138264500e+06
6.128759805825847025e+02 2.948965939984852914e+06
6.151484289973810746e+02 2.923929655556431971e+06
6.168923039663628742e+02 3.007843406666965690e+06
6.230645227715839383e+02 3.072981957030265126e+06
6.256652770942532698e+02 2.983382762418105733e+06
6.305522316815146269e+02 3.006350163746163249e+06
6.317352002339072214e+02 3.105933695482476614e+06
6.325786906082960286e+02 3.080739785040312912e+06
6.337567112865546051e+02 3.125319955050946679e+06
6.514626163464971569e+02 3.214037329002587125e+06
6.534648179560022072e+02 3.183892528692417312e+06
6.626041679654825884e+02 3.273105711444518995e+06
6.674594081478413727e+02 3.240907844804440625e+06
6.678128607141758266e+02 3.206596129043509718e+06
6.704658101051360291e+02 3.211819671299690846e+06
6.741414426396487443e+02 3.310820493056071457e+06
6.762641779478409489e+02 3.287833321278330870e+06
6.781198448685179301e+02 3.157287592842432205e+06
6.798131096736573227e+02 3.269775710771921556e+06
6.821513316766980779e+02 3.311204564164069481e+06
6.823481335276042046e+02 3.310796460163901094e+06
6.842483723900743371e+02 3.300515067681346089e+06
6.971755328920321517e+02 3.362864637040595058e+06
7.026401707109685049e+02 3.517875551055957563e+06
7.084174124321193631e+02 3.461090769220705610e+06
7.188783615096853055e+02 3.504291047856902238e+06
7.214031896635710837e+02 3.493127851041751914e+06
7.276307274496291484e+02 3.474497639383236412e+06
7.300503040519786282e+02 3.534192064031391405e+06
7.302399105072213388e+02 3.504736800876522902e+06
7.304318951017811514e+02 3.571626472356050741e+06
7.332719179698386824e+02 3.493881323431799654e+06
7.495553151168470549e+02 3.637073084167453926e+06
7.517281782395173195e+02 3.518305008165754378e+06
7.578607176173867401e+02 3.668953223869523965e+06
7.598547739239578505e+02 3.679605253602119628e+06
7.628884049665410885e+02 3.690518631626087707e+06
7.640987065009285288e+02 3.728686312002799474e+06
7.651951028171802136e+02 3.678834905870605260e+06
7.726620944909155924e+02 3.791045121867346577e+06
7.761776151618815902e+02 3.787234510530466214e+06
7.816613860386921715e+02 3.910456829808465205e+06
7.835368453691581863e+02 3.747174402433874551e+06
7.928642956933358619e+02 3.885141656308433041e+06
7.957786069298554139e+02 3.837497212484037969e+06
7.961952491783861205e+02 3.804816969844734296e+06
7.983715433423946024e+02 3.914484374873644207e+06
8.033499355580521524e+02 3.914338267075913493e+06
8.138495397521462564e+02 3.927495418295985553e+06
8.142795672634002813e+02 4.015413199978264049e+06
8.232720667553686553e+02 4.043803694864193443e+06
8.266777826084355638e+02 3.998608577492266893e+06
8.306264862835381564e+02 4.000793508267909288e+06
8.389485012241326558e+02 3.992181813469651155e+06
8.398292341650173967e+02 4.114162715190787800e+06
8.410945957736998935e+02 4.001546427202127874e+06
8.539596617000007654e+02 4.167580598506874871e+06
8.558257144482004151e+02 4.164273683272373863e+06
8.610997898738801268e+02 4.228961700336420909e+06
8.663108550433687469e+02 4.287635241593160667e+06
8.694280767505211998e+02 4.269922099207283929e+06
8.811680459977469582e+02 4.184958869588993490e+06
8.824893006366692134e+02 4.260496982384762727e+06
8.866111742599729268e+02 4.331135061296967790e+06
8.888724989342213121e+02 4.446730169002944604e+06
8.981448792922943767e+02 4.378757107650034130e+06
9.000441190391985629e+02 4.456091324883828871e+06
9.027007994866281706e+02 4.459610682450727560e+06
9.056924881550341979e+02 4.452438320755822584e+06
9.180172590238502153e+02 4.500325002993787639e+06
9.215367754990177218e+02 4.552544220310444944e+06
9.302347251458234041e+02 4.593605093025318347e+06
9.327599194258048101e+02 4.575059011838517152e+06
9.410123198988114837e+02 4.677596931186635979e+06
9.470380812316196852e+02 4.635894906351108104e+06
9.482203820587752716e+02 4.641532820440051146e+06
9.482304293163933835e+02 4.723601736935645342e+06
9.516027554386079146e+02 4.755954206508594565e+06
9.557655546881132977e+02 4.725630618423423730e+06
9.571869339382361659e+02 4.754310911140547134e+06
9.741588235503214719e+02 4.742315204217252322e+06
9.785044663172587889e+02 4.956968703525705263e+06
9.799407935907568117e+02 4.953536348484409042e+06
9.824387108700260569e+02 4.848514824315625243e+06
9.831576800728284979e+02 4.929411871623824351e+06
9.835368983507461280e+02 4.865450838232238777e+06
9.848367114199542129e+02 4.962663658475131728e+06
9.859675949103154835e+02 4.914760892680818215e+06
9.860322557171431299e+02 4.797886912715052254e+06
9.865301474141468816e+02 4.946597398872426711e+06
9.894495656860573263e+02 4.976714323403631337e+06
9.900437720814113618e+02 4.942284575713085942e+06
9.914938831422880412e+02 4.997456660451974720e+06
